Welcome rome9162
cat /y/shared/Engineering/cs-drbc/assignments/w11.txt
Insertion sort

Assume that A[n-2] elements are already sorted. All we need is to find an appropriate position for A[n − 1] among the sorted elements and insert it there. This is usually done by scanning the sorted subarray from right to left until the first element smaller than or equal to A[n − 1] is encountered to insert A[n − 1] right after that element. The resulting algorithm is called straight insertion sort or simply insertion sort.

Though insertion sort is clearly based on a recursive idea, it is more efficient to implement this algorithm bottom up, i.e., iteratively. Starting with A[1]and ending with A[n − 1],A[i]is inserted in its appropriate place among the first i elements of the array that have been already sorted (but, unlike selection sort, are generally not in their final positions). Here is pseudocode of this algorithm.

//Sorts a given array by insertion sort
//Input: An array A[0..n − 1] of integers given as command line arguements
//Output: Array A[0..n − 1] sorted in nondecreasing order
ALGORITHM   InsertionSort(A[0..n − 1])
   printArray
   for i ← 1 to n − 1 do 
      v ← A[i] 
      j ← i − 1
      while j ≥ 0 and A[j]> v do 
         A[j + 1]← A[j] 
         j ← j − 1
      A[j + 1] ← v
      printArray
 
FIGURE 4.3 Iteration of insertion sort: A[i] is inserted in its proper position among the preceding elements previously sorted.
   4.1   Insertion Sort
   89  | 45 68 90 29 34 17
   45 89  | 68 90 29 34 17
   45 68 89  | 90 29 34 17
   45 68 89 90  | 29 34 17
   29 45 68 89 90  | 34 17
   29 34 45 68 89 90  | 17
   17 29 34 45 68 89  90
Example of sorting with insertion sort. A vertical bar separates the sorted part of the array from the remaining elements; the element being inserted is in bold.

Running: ./a.out  1 971 82 1413 6832 5496 4458 1972 8096 3318 6883 4198 9370 6629 1830 7967 6465 7038 4102 8457 9721 17 5883 6476 7724 1755 2542 9696 7748 3422 1102 2>&1
Comparing result to: /y/shared/Engineering/cs-drbc/assignments/w11 1 971 82 1413 6832 5496 4458 1972 8096 3318 6883 4198 9370 6629 1830 7967 6465 7038 4102 8457 9721 17 5883 6476 7724 1755 2542 9696 7748 3422 1102 2>&1
Expected 
1 | 971 82 1413 6832 5496 4458 1972 8096 3318 6883 4198 9370 6629 1830 7967 6465 7038 4102 8457 9721 17 5883 6476 7724 1755 2542 9696 7748 3422 1102 
1 971 | 82 1413 6832 5496 4458 1972 8096 3318 6883 4198 9370 6629 1830 7967 6465 7038 4102 8457 9721 17 5883 6476 7724 1755 2542 9696 7748 3422 1102 
1 82 971 | 1413 6832 5496 4458 1972 8096 3318 6883 4198 9370 6629 1830 7967 6465 7038 4102 8457 9721 17 5883 6476 7724 1755 2542 9696 7748 3422 1102 
1 82 971 1413 | 6832 5496 4458 1972 8096 3318 6883 4198 9370 6629 1830 7967 6465 7038 4102 8457 9721 17 5883 6476 7724 1755 2542 9696 7748 3422 1102 
1 82 971 1413 6832 | 5496 4458 1972 8096 3318 6883 4198 9370 6629 1830 7967 6465 7038 4102 8457 9721 17 5883 6476 7724 1755 2542 9696 7748 3422 1102 
1 82 971 1413 5496 6832 | 4458 1972 8096 3318 6883 4198 9370 6629 1830 7967 6465 7038 4102 8457 9721 17 5883 6476 7724 1755 2542 9696 7748 3422 1102 
1 82 971 1413 4458 5496 6832 | 1972 8096 3318 6883 4198 9370 6629 1830 7967 6465 7038 4102 8457 9721 17 5883 6476 7724 1755 2542 9696 7748 3422 1102 
1 82 971 1413 1972 4458 5496 6832 | 8096 3318 6883 4198 9370 6629 1830 7967 6465 7038 4102 8457 9721 17 5883 6476 7724 1755 2542 9696 7748 3422 1102 
1 82 971 1413 1972 4458 5496 6832 8096 | 3318 6883 4198 9370 6629 1830 7967 6465 7038 4102 8457 9721 17 5883 6476 7724 1755 2542 9696 7748 3422 1102 
1 82 971 1413 1972 3318 4458 5496 6832 8096 | 6883 4198 9370 6629 1830 7967 6465 7038 4102 8457 9721 17 5883 6476 7724 1755 2542 9696 7748 3422 1102 
1 82 971 1413 1972 3318 4458 5496 6832 6883 8096 | 4198 9370 6629 1830 7967 6465 7038 4102 8457 9721 17 5883 6476 7724 1755 2542 9696 7748 3422 1102 
1 82 971 1413 1972 3318 4198 4458 5496 6832 6883 8096 | 9370 6629 1830 7967 6465 7038 4102 8457 9721 17 5883 6476 7724 1755 2542 9696 7748 3422 1102 
1 82 971 1413 1972 3318 4198 4458 5496 6832 6883 8096 9370 | 6629 1830 7967 6465 7038 4102 8457 9721 17 5883 6476 7724 1755 2542 9696 7748 3422 1102 
1 82 971 1413 1972 3318 4198 4458 5496 6629 6832 6883 8096 9370 | 1830 7967 6465 7038 4102 8457 9721 17 5883 6476 7724 1755 2542 9696 7748 3422 1102 
1 82 971 1413 1830 1972 3318 4198 4458 5496 6629 6832 6883 8096 9370 | 7967 6465 7038 4102 8457 9721 17 5883 6476 7724 1755 2542 9696 7748 3422 1102 
1 82 971 1413 1830 1972 3318 4198 4458 5496 6629 6832 6883 7967 8096 9370 | 6465 7038 4102 8457 9721 17 5883 6476 7724 1755 2542 9696 7748 3422 1102 
1 82 971 1413 1830 1972 3318 4198 4458 5496 6465 6629 6832 6883 7967 8096 9370 | 7038 4102 8457 9721 17 5883 6476 7724 1755 2542 9696 7748 3422 1102 
1 82 971 1413 1830 1972 3318 4198 4458 5496 6465 6629 6832 6883 7038 7967 8096 9370 | 4102 8457 9721 17 5883 6476 7724 1755 2542 9696 7748 3422 1102 
1 82 971 1413 1830 1972 3318 4102 4198 4458 5496 6465 6629 6832 6883 7038 7967 8096 9370 | 8457 9721 17 5883 6476 7724 1755 2542 9696 7748 3422 1102 
1 82 971 1413 1830 1972 3318 4102 4198 4458 5496 6465 6629 6832 6883 7038 7967 8096 8457 9370 | 9721 17 5883 6476 7724 1755 2542 9696 7748 3422 1102 
1 82 971 1413 1830 1972 3318 4102 4198 4458 5496 6465 6629 6832 6883 7038 7967 8096 8457 9370 9721 | 17 5883 6476 7724 1755 2542 9696 7748 3422 1102 
1 17 82 971 1413 1830 1972 3318 4102 4198 4458 5496 6465 6629 6832 6883 7038 7967 8096 8457 9370 9721 | 5883 6476 7724 1755 2542 9696 7748 3422 1102 
1 17 82 971 1413 1830 1972 3318 4102 4198 4458 5496 5883 6465 6629 6832 6883 7038 7967 8096 8457 9370 9721 | 6476 7724 1755 2542 9696 7748 3422 1102 
1 17 82 971 1413 1830 1972 3318 4102 4198 4458 5496 5883 6465 6476 6629 6832 6883 7038 7967 8096 8457 9370 9721 | 7724 1755 2542 9696 7748 3422 1102 
1 17 82 971 1413 1830 1972 3318 4102 4198 4458 5496 5883 6465 6476 6629 6832 6883 7038 7724 7967 8096 8457 9370 9721 | 1755 2542 9696 7748 3422 1102 
1 17 82 971 1413 1755 1830 1972 3318 4102 4198 4458 5496 5883 6465 6476 6629 6832 6883 7038 7724 7967 8096 8457 9370 9721 | 2542 9696 7748 3422 1102 
1 17 82 971 1413 1755 1830 1972 2542 3318 4102 4198 4458 5496 5883 6465 6476 6629 6832 6883 7038 7724 7967 8096 8457 9370 9721 | 9696 7748 3422 1102 
1 17 82 971 1413 1755 1830 1972 2542 3318 4102 4198 4458 5496 5883 6465 6476 6629 6832 6883 7038 7724 7967 8096 8457 9370 9696 9721 | 7748 3422 1102 
1 17 82 971 1413 1755 1830 1972 2542 3318 4102 4198 4458 5496 5883 6465 6476 6629 6832 6883 7038 7724 7748 7967 8096 8457 9370 9696 9721 | 3422 1102 
1 17 82 971 1413 1755 1830 1972 2542 3318 3422 4102 4198 4458 5496 5883 6465 6476 6629 6832 6883 7038 7724 7748 7967 8096 8457 9370 9696 9721 | 1102 
1 17 82 971 1102 1413 1755 1830 1972 2542 3318 3422 4102 4198 4458 5496 5883 6465 6476 6629 6832 6883 7038 7724 7748 7967 8096 8457 9370 9696 9721 | 

Got 
1 | 971 82 1413 6832 5496 4458 1972 8096 3318 6883 4198 9370 6629 1830 7967 6465 7038 4102 8457 9721 17 5883 6476 7724 1755 2542 9696 7748 3422 
1 971 | 82 1413 6832 5496 4458 1972 8096 3318 6883 4198 9370 6629 1830 7967 6465 7038 4102 8457 9721 17 5883 6476 7724 1755 2542 9696 7748 3422 
1 82 971 | 1413 6832 5496 4458 1972 8096 3318 6883 4198 9370 6629 1830 7967 6465 7038 4102 8457 9721 17 5883 6476 7724 1755 2542 9696 7748 3422 
1 82 971 1413 | 6832 5496 4458 1972 8096 3318 6883 4198 9370 6629 1830 7967 6465 7038 4102 8457 9721 17 5883 6476 7724 1755 2542 9696 7748 3422 
1 82 971 1413 6832 | 5496 4458 1972 8096 3318 6883 4198 9370 6629 1830 7967 6465 7038 4102 8457 9721 17 5883 6476 7724 1755 2542 9696 7748 3422 
1 82 971 1413 5496 6832 | 4458 1972 8096 3318 6883 4198 9370 6629 1830 7967 6465 7038 4102 8457 9721 17 5883 6476 7724 1755 2542 9696 7748 3422 
1 82 971 1413 4458 5496 6832 | 1972 8096 3318 6883 4198 9370 6629 1830 7967 6465 7038 4102 8457 9721 17 5883 6476 7724 1755 2542 9696 7748 3422 
1 82 971 1413 1972 4458 5496 6832 | 8096 3318 6883 4198 9370 6629 1830 7967 6465 7038 4102 8457 9721 17 5883 6476 7724 1755 2542 9696 7748 3422 
1 82 971 1413 1972 4458 5496 6832 8096 | 3318 6883 4198 9370 6629 1830 7967 6465 7038 4102 8457 9721 17 5883 6476 7724 1755 2542 9696 7748 3422 
1 82 971 1413 1972 3318 4458 5496 6832 8096 | 6883 4198 9370 6629 1830 7967 6465 7038 4102 8457 9721 17 5883 6476 7724 1755 2542 9696 7748 3422 
1 82 971 1413 1972 3318 4458 5496 6832 6883 8096 | 4198 9370 6629 1830 7967 6465 7038 4102 8457 9721 17 5883 6476 7724 1755 2542 9696 7748 3422 
1 82 971 1413 1972 3318 4198 4458 5496 6832 6883 8096 | 9370 6629 1830 7967 6465 7038 4102 8457 9721 17 5883 6476 7724 1755 2542 9696 7748 3422 
1 82 971 1413 1972 3318 4198 4458 5496 6832 6883 8096 9370 | 6629 1830 7967 6465 7038 4102 8457 9721 17 5883 6476 7724 1755 2542 9696 7748 3422 
1 82 971 1413 1972 3318 4198 4458 5496 6629 6832 6883 8096 9370 | 1830 7967 6465 7038 4102 8457 9721 17 5883 6476 7724 1755 2542 9696 7748 3422 
1 82 971 1413 1830 1972 3318 4198 4458 5496 6629 6832 6883 8096 9370 | 7967 6465 7038 4102 8457 9721 17 5883 6476 7724 1755 2542 9696 7748 3422 
1 82 971 1413 1830 1972 3318 4198 4458 5496 6629 6832 6883 7967 8096 9370 | 6465 7038 4102 8457 9721 17 5883 6476 7724 1755 2542 9696 7748 3422 
1 82 971 1413 1830 1972 3318 4198 4458 5496 6465 6629 6832 6883 7967 8096 9370 | 7038 4102 8457 9721 17 5883 6476 7724 1755 2542 9696 7748 3422 
1 82 971 1413 1830 1972 3318 4198 4458 5496 6465 6629 6832 6883 7038 7967 8096 9370 | 4102 8457 9721 17 5883 6476 7724 1755 2542 9696 7748 3422 
1 82 971 1413 1830 1972 3318 4102 4198 4458 5496 6465 6629 6832 6883 7038 7967 8096 9370 | 8457 9721 17 5883 6476 7724 1755 2542 9696 7748 3422 
1 82 971 1413 1830 1972 3318 4102 4198 4458 5496 6465 6629 6832 6883 7038 7967 8096 8457 9370 | 9721 17 5883 6476 7724 1755 2542 9696 7748 3422 
1 82 971 1413 1830 1972 3318 4102 4198 4458 5496 6465 6629 6832 6883 7038 7967 8096 8457 9370 9721 | 17 5883 6476 7724 1755 2542 9696 7748 3422 
1 17 82 971 1413 1830 1972 3318 4102 4198 4458 5496 6465 6629 6832 6883 7038 7967 8096 8457 9370 9721 | 5883 6476 7724 1755 2542 9696 7748 3422 
1 17 82 971 1413 1830 1972 3318 4102 4198 4458 5496 5883 6465 6629 6832 6883 7038 7967 8096 8457 9370 9721 | 6476 7724 1755 2542 9696 7748 3422 
1 17 82 971 1413 1830 1972 3318 4102 4198 4458 5496 5883 6465 6476 6629 6832 6883 7038 7967 8096 8457 9370 9721 | 7724 1755 2542 9696 7748 3422 
1 17 82 971 1413 1830 1972 3318 4102 4198 4458 5496 5883 6465 6476 6629 6832 6883 7038 7724 7967 8096 8457 9370 9721 | 1755 2542 9696 7748 3422 
1 17 82 971 1413 1755 1830 1972 3318 4102 4198 4458 5496 5883 6465 6476 6629 6832 6883 7038 7724 7967 8096 8457 9370 9721 | 2542 9696 7748 3422 
1 17 82 971 1413 1755 1830 1972 2542 3318 4102 4198 4458 5496 5883 6465 6476 6629 6832 6883 7038 7724 7967 8096 8457 9370 9721 | 9696 7748 3422 
1 17 82 971 1413 1755 1830 1972 2542 3318 4102 4198 4458 5496 5883 6465 6476 6629 6832 6883 7038 7724 7967 8096 8457 9370 9696 9721 | 7748 3422 
1 17 82 971 1413 1755 1830 1972 2542 3318 4102 4198 4458 5496 5883 6465 6476 6629 6832 6883 7038 7724 7748 7967 8096 8457 9370 9696 9721 | 3422 
1 17 82 971 1413 1755 1830 1972 2542 3318 3422 4102 4198 4458 5496 5883 6465 6476 6629 6832 6883 7038 7724 7748 7967 8096 8457 9370 9696 9721 | 
1 17 82 971 1102 1413 1755 1830 1972 2542 3318 3422 4102 4198 4458 5496 5883 6465 6476 6629 6832 6883 7038 7724 7748 7967 8096 8457 9370 9696 | 

If there is a lot of output, you could narrow down the error by doing a diff:
diff -y <(./a.out  1 971 82 1413 6832 5496 4458 1972 8096 3318 6883 4198 9370 6629 1830 7967 6465 7038 4102 8457 9721 17 5883 6476 7724 1755 2542 9696 7748 3422 1102 2>&1) <(/y/shared/Engineering/cs-drbc/assignments/w11 1 971 82 1413 6832 5496 4458 1972 8096 3318 6883 4198 9370 6629 1830 7967 6465 7038 4102 8457 9721 17 5883 6476 7724 1755 2542 9696 7748 3422 1102 2>&1)
   or
diff  <(./a.out  1 971 82 1413 6832 5496 4458 1972 8096 3318 6883 4198 9370 6629 1830 7967 6465 7038 4102 8457 9721 17 5883 6476 7724 1755 2542 9696 7748 3422 1102 2>&1) <(/y/shared/Engineering/cs-drbc/assignments/w11 1 971 82 1413 6832 5496 4458 1972 8096 3318 6883 4198 9370 6629 1830 7967 6465 7038 4102 8457 9721 17 5883 6476 7724 1755 2542 9696 7748 3422 1102 2>&1)
Output check failed. Nothing submitted
