12345
12354
12435
12453
12534
12543
13245
13254
13425
13452
13542
13524
14235
14253
14325
14352
14532
14523
15234
15243
15324
15342
15432
15423
21345
21354
21435
21453
21534
21543
23145
23154
23415
23451
23514
23541
24315
24351
24135
24153
24531
24513
25341
25314
25431
25413
25134
25143
31245
31254
31425
31452
31542
31524
32145
32154
32415
32451
32541
32514
34215
34251
34125
34152
34512
34521
35241
35214
35421
35412
35142
35124
41235
41253
41325
41352
41532
41523
42135
42153
42315
42351
42531
42513
43215
43251
43125
43152
43512
43521
45231
45213
45321
45312
45132
45123
51234
51243
51324
51342
51432
51423
52134
52143
52314
52341
52431
52413
53214
53241
53124
53142
53412
53421
54231
54213
54321
54312
54132
54123
